//用7-2（b）的矩阵做练习13

original:

0 3 6 9 12 15
1 4 7 10 13 16
2 5 8 11 14 17

trans:

0 1 2
3 4 5
6 7 8
9 10 11
12 13 14
15 16 17

original*trans:

scale: 3*3

495 540 585
540 591 642
585 642 699

矩阵*自己的转置矩阵 得到一个 对称矩阵